10;2
{1;1;0}{0;7.1;100000000}{0;5.2;100000000}
{1;2;0}{0;7.1;4834457;8.2;100000000}{0;5.2;15565797;4.1;69272993;5.2;100000000}
{2;1;0}{0;8.2;14351960;8.1;36267745;7.1;73931199;8.2;82929099;8.1;100000000}{0;5.1;74229461;4.2;100000000}
{2;2;0}{0;8.2;14351960;8.1;42542987;8.2;82929099;8.1;100000000}{0;4.2;100000000}
{3;1;0}{0;7.2;32812367;8.2;41431729;8.1;100000000}{0;5.2;7019575;5.1;75409447;4.1;100000000}
{3;2;0}{0;8.2;41431729;8.1;46267374;7.2;100000000}{0;5.2;7019575;5.1;43912285;4.1;100000000}
{4;1;0}{0;8.2;58036060;8.1;100000000}{0;5.1;489011;5.2;12814149;5.1;16266566;5.2;46610271;4.2;100000000}
{4;2;0}{0;8.2;58036060;8.1;68682676;7.2;100000000}{0;4.2;7296815;4.1;20821937;4.2;100000000}
{5;1;0}{0;7.2;1}{0;5.2;16336262;4.1;65961208;4.2;100000000}
{5;2;0}{0;7.2;66742738;8.1;100000000}{0;4.1;58654920;5.2;58959974;5.1;61204104;4.1;65961208;4.2;100000000}
{6;1;0}{0;7.1;68092934;7.2;92482137;7.1;100000000}{0;4.2;18922873;5.2;78753074;4.2;100000000}
{6;2;0}{0;8.1;72132589;8.2;100000000}{0;5.1;4872347;5.2;88278079;5.1;93079641;5.2;100000000}
{7;1;0}{0;7.2;1}{0;5.2;59671088;5.1;61825401;4.2;100000000}
{7;2;0}{0;8.1;63857679;8.2;97055008;7.2;100000000}{0;4.2;100000000}
{8;1;0}{0;8.1;21116594;8.2;85189519;8.1;100000000}{0;4.1;19512131;4.2;33068067;4.1;71858153;4.2;91639288;4.1;100000000}
{8;2;0}{0;7.2;69308170;8.2;85189519;8.1;100000000}{0;4.1;14063142;5.1;26706070;5.2;100000000}
{9;1;0}{0;7.1;7609608;7.2;22452677;7.1;100000000}{0;5.2;33895427;5.1;100000000}
{9;2;0}{0;7.1;7609608;7.2;22452677;7.1;100000000}{0;4.1;1248217;4.2;3114262;5.2;24572541;4.2;44819581;5.1;100000000}
{10;1;0}{0;8.1;1}{0;4.2;86865028;4.1;100000000}
{10;2;0}{0;8.1;1}{0;4.2;86865028;4.1;94236657;5.2;100000000}
